[gd_scene load_steps=21 format=3 uid="uid://sas7j2dyfkr3"]

[ext_resource type="PackedScene" uid="uid://dig47ichuqflf" path="res://demo/assets/ForestRockCluster1.glb" id="1_u10mr"]
[ext_resource type="PackedScene" uid="uid://b8p1iy52py3xm" path="res://demo/assets/ForestRock2.glb" id="3_s1s6j"]
[ext_resource type="PackedScene" uid="uid://7u1qc3y84jbe" path="res://demo/assets/pillar.glb" id="5_oeqrt"]
[ext_resource type="PackedScene" uid="uid://gwihxo1nnefo" path="res://demo/assets/ForestRock1.glb" id="6_onu7k"]
[ext_resource type="PackedScene" uid="uid://b87yymvcswqi4" path="res://demo/test/test_scene.tscn" id="7_onvmd"]
[ext_resource type="PackedScene" uid="uid://ukx3omtlce8n" path="res://demo/assets/subfloder/another_cube.tscn" id="7_s1s6j"]
[ext_resource type="PackedScene" uid="uid://ec1dfcde5g6n" path="res://demo/assets/small_fraactures.glb" id="8_onvmd"]
[ext_resource type="PackedScene" uid="uid://cl7k7m7lh8sxn" path="res://demo/assets/ramp.tscn" id="9_oeqrt"]
[ext_resource type="PackedScene" uid="uid://csh67skstdhqw" path="res://demo/assets/JaggedRock4.glb" id="10_ykvhj"]
[ext_resource type="PackedScene" uid="uid://b1nm40p57ntoa" path="res://demo/assets/ForestRock3.glb" id="11_1rqa4"]
[ext_resource type="PackedScene" uid="uid://d1v6os586pjoe" path="res://demo/assets/LandscapeRock1.glb" id="13_fy1p0"]
[ext_resource type="PackedScene" uid="uid://cqa7ue7ivlklj" path="res://demo/assets/thin_wall_fractured.glb" id="14_svvho"]
[ext_resource type="PackedScene" uid="uid://dqq10eqcfkv1p" path="res://demo/assets/JaggedRock2.glb" id="14_x31ta"]
[ext_resource type="PackedScene" uid="uid://dk831mrcik0rw" path="res://demo/assets/JaggedRock3.glb" id="15_x31ta"]
[ext_resource type="PackedScene" uid="uid://carqrst2o7odc" path="res://demo/assets/pillar (2).glb" id="16_d1m6b"]
[ext_resource type="PackedScene" uid="uid://i8qv802uro30" path="res://demo/assets/LandscapeRock2.glb" id="16_k1rqu"]
[ext_resource type="PackedScene" uid="uid://cd3ekr61iqju3" path="res://demo/assets/pillar_fractured.glb" id="17_k1rqu"]

[sub_resource type="BoxShape3D" id="BoxShape3D_5hjng"]
size = Vector3(100, 0.1, 100)

[sub_resource type="StandardMaterial3D" id="StandardMaterial3D_ykvhj"]
albedo_color = Color(0.2849424, 0.47492367, 0.3119382, 1)

[sub_resource type="PlaneMesh" id="PlaneMesh_d6po2"]
material = SubResource("StandardMaterial3D_ykvhj")
size = Vector2(100, 100)

[node name="Demo" type="Node3D"]
transform = Transform3D(1, 0, 0, 0, 1, 0, 0, 0, 0.99999994, 0, 0, 0)

[node name="StaticBody3D" type="StaticBody3D" parent="."]
transform = Transform3D(1, 0, 0, 0, 1, 0, 0, 0, 1, 0, 0.41870308, 0)

[node name="CollisionShape3D" type="CollisionShape3D" parent="StaticBody3D"]
shape = SubResource("BoxShape3D_5hjng")

[node name="MeshInstance3D" type="MeshInstance3D" parent="StaticBody3D"]
transform = Transform3D(1, 0, 0, 0, 1, 0, 0, 0, 1, -0.00016975403, 0, 0)
mesh = SubResource("PlaneMesh_d6po2")

[node name="pillar" parent="." instance=ExtResource("5_oeqrt")]
transform = Transform3D(1.8388307, 0, 0.75143844, 0, 1.9864436, 0, -0.75143844, 0, 1.8388307, 7.9199605, 0.7159294, -0.08150959)
metadata/asset_placer_res_id = "uid://7u1qc3y84jbe"

[node name="pillar (1)" parent="." instance=ExtResource("5_oeqrt")]
transform = Transform3D(-0.20370422, 0, -1.5988811, 0, 1.6118053, 0, 1.5988811, 0, -0.20370422, -5.991751, 0.6693032, 8.655236)
metadata/asset_placer_res_id = "uid://7u1qc3y84jbe"

[node name="pillar (2)" parent="." instance=ExtResource("5_oeqrt")]
transform = Transform3D(-1.2492461, 0, -1.5451401, 0, 1.9869761, 0, 1.5451401, 0, -1.2492461, -7.8806076, 0.71599567, 2.4304476)
metadata/asset_placer_res_id = "uid://7u1qc3y84jbe"

[node name="ForestRock12" parent="." instance=ExtResource("6_onu7k")]
transform = Transform3D(1, 0, 0, 0, 1, 0, 0, 0, 1, 8.269475, 1.0443072, -12.330059)
metadata/asset_placer_res_id = "uid://gwihxo1nnefo"

[node name="ForestRock12 (1)" parent="." instance=ExtResource("6_onu7k")]
transform = Transform3D(1, 0, 0, 0, 1, 0, 0, 0, 1, -4.993513, 1.0443072, -14.065937)
metadata/asset_placer_res_id = "uid://gwihxo1nnefo"

[node name="AnotherCube" parent="." instance=ExtResource("7_s1s6j")]
transform = Transform3D(1, 0, 0, 0, 1, 0, 0, 0, 1, 19.736467, 0.9687023, -10.779144)
metadata/asset_placer_res_id = "uid://ukx3omtlce8n"

[node name="small_fraactures" parent="." instance=ExtResource("8_onvmd")]
transform = Transform3D(1, 0, 0, 0, 1, 0, 0, 0, 1, 14.916828, 0.51153874, -13.027579)
metadata/asset_placer_res_id = "uid://ec1dfcde5g6n"

[node name="AnotherCube (1)" parent="." instance=ExtResource("7_s1s6j")]
transform = Transform3D(1, 0, 0, 0, 1, 0, 0, 0, 1, 11.87246, 0.9687028, -2.4421425)
metadata/asset_placer_res_id = "uid://ukx3omtlce8n"

[node name="AnotherCube (2)" parent="." instance=ExtResource("7_s1s6j")]
transform = Transform3D(1, 0, 0, 0, 1, 0, 0, 0, 1, 7.266507, 0.96870327, -6.973961)
metadata/asset_placer_res_id = "uid://ukx3omtlce8n"

[node name="ForestRock22 (11)" parent="." instance=ExtResource("3_s1s6j")]
transform = Transform3D(0.36235794, 0, -0.9320399, 0, 1, 0, 0.9320399, 0, 0.36235794, 1.4593801, 1.42609, 16.46195)
metadata/asset_placer_res_id = "uid://b8p1iy52py3xm"

[node name="ForestRock22 (12)" parent="." instance=ExtResource("3_s1s6j")]
transform = Transform3D(0.82533586, 0, 0.56464267, 0, 1, 0, -0.56464267, 0, 0.82533586, 4.413996, 1.42609, 15.076005)
metadata/asset_placer_res_id = "uid://b8p1iy52py3xm"

[node name="ForestRock22 (13)" parent="." instance=ExtResource("3_s1s6j")]
transform = Transform3D(0.98006684, 0, -0.1986694, 0, 1, 0, 0.1986694, 0, 0.98006684, 1.7960472, 1.42609, 14.175601)
metadata/asset_placer_res_id = "uid://b8p1iy52py3xm"

[node name="ForestRock22 (14)" parent="." instance=ExtResource("3_s1s6j")]
transform = Transform3D(0.9800666, 0, -0.19866937, 0, 1, 0, 0.19866936, 0, 0.9800666, 8.998944, 4.392527, 11.612676)
metadata/asset_placer_res_id = "uid://b8p1iy52py3xm"

[node name="ForestRock22 (15)" parent="." instance=ExtResource("3_s1s6j")]
transform = Transform3D(1, 0, 0, 0, 1, 0, 0, 0, 1, -14.500575, 1.4260895, 0.9121185)
metadata/asset_placer_res_id = "uid://b8p1iy52py3xm"

[node name="ForestRock12 (2)" parent="." instance=ExtResource("6_onu7k")]
transform = Transform3D(1, 0, 0, 0, 1, 0, 0, 0, 1, -9.453581, 1.044307, -3.3048677)
metadata/asset_placer_res_id = "uid://gwihxo1nnefo"

[node name="ForestRock12 (3)" parent="." instance=ExtResource("6_onu7k")]
transform = Transform3D(1, 0, 0, 0, 1, 0, 0, 0, 1, -9.812154, 1.044307, -2.1573095)
metadata/asset_placer_res_id = "uid://gwihxo1nnefo"

[node name="ForestRock12 (4)" parent="." instance=ExtResource("6_onu7k")]
transform = Transform3D(-0.98999316, 0, 0.14112002, 0, 1, 0, -0.14112002, 0, -0.98999316, 0.70721126, 1.0443072, -8.176273)
metadata/asset_placer_res_id = "uid://gwihxo1nnefo"

[node name="ForestRock22 (16)" parent="." instance=ExtResource("3_s1s6j")]
transform = Transform3D(0.8253359, 0, 0.5646426, 0, 1, 0, -0.5646426, 0, 0.8253359, -4.0329885, 1.42609, -6.154146)
metadata/asset_placer_res_id = "uid://b8p1iy52py3xm"

[node name="ForestRock22 (17)" parent="." instance=ExtResource("3_s1s6j")]
transform = Transform3D(0.949393, 0, 0.87748784, 0, 1.5540596, 0, -0.64951456, 0, 1.2826208, -6.233165, 1.9565393, -5.376054)
metadata/asset_placer_res_id = "uid://b8p1iy52py3xm"

[node name="ForestRock22 (18)" parent="." instance=ExtResource("3_s1s6j")]
transform = Transform3D(0.8253357, 0, 0.5646424, 0, 1, 0, -0.56464237, 0, 0.8253357, -2.2872891, 1.42609, -6.807236)
metadata/asset_placer_res_id = "uid://b8p1iy52py3xm"

[node name="ForestRock22 (19)" parent="." instance=ExtResource("3_s1s6j")]
transform = Transform3D(1.3223265, 0, 0.90465206, 0, 1.6021678, 0, -0.90465206, 0, 1.3223265, -1.9246907, 2.0025973, -4.6649394)
metadata/asset_placer_res_id = "uid://b8p1iy52py3xm"

[node name="ForestRock22 (20)" parent="." instance=ExtResource("3_s1s6j")]
transform = Transform3D(-0.5885012, 0, 0.8084968, 0, 1, 0, -0.8084968, 0, -0.5885012, -0.8638544, 1.42609, -6.5804553)
metadata/asset_placer_res_id = "uid://b8p1iy52py3xm"

[node name="ForestRock22 (21)" parent="." instance=ExtResource("3_s1s6j")]
transform = Transform3D(0.5403027, 0, 0.84147114, 0, 1, 0, -0.84147114, 0, 0.5403027, -1.4694414, 1.42609, -7.5331883)
metadata/asset_placer_res_id = "uid://b8p1iy52py3xm"

[node name="Node3D" parent="." instance=ExtResource("9_oeqrt")]
transform = Transform3D(1, 0, 0, 0, 1, 0, 0, 0, 1, 3.683012, 1.1687033, -19.817293)
metadata/asset_placer_res_id = "uid://cl7k7m7lh8sxn"

[node name="TestScene" type="StaticBody3D" parent="." instance=ExtResource("7_onvmd")]
transform = Transform3D(1, 0, 0, 0, 1, 0, 0, 0, 1, 17.449438, 0.46870232, -17.133478)
metadata/asset_placer_res_id = "uid://b87yymvcswqi4"

[node name="TestScene (1)" type="StaticBody3D" parent="." instance=ExtResource("7_onvmd")]
transform = Transform3D(1, 0, 0, 0, 1, 0, 0, 0, 1, 13.304461, 0.46870327, -20.578823)
metadata/asset_placer_res_id = "uid://b87yymvcswqi4"

[node name="TestScene (2)" type="StaticBody3D" parent="." instance=ExtResource("7_onvmd")]
transform = Transform3D(1, 0, 0, 0, 1, 0, 0, 0, 1, 11.328314, 0.46870327, -24.582212)
metadata/asset_placer_res_id = "uid://b87yymvcswqi4"

[node name="TestScene (3)" type="StaticBody3D" parent="." instance=ExtResource("7_onvmd")]
transform = Transform3D(0, 0, 0, 0, 1, 0, 0, 0, 0, -5.883959, 0.46870327, -24.683254)
metadata/asset_placer_res_id = "uid://b87yymvcswqi4"

[node name="TestScene (4)" type="StaticBody3D" parent="." instance=ExtResource("7_onvmd")]
transform = Transform3D(0, 0, 0, 0, 1, 0, 0, 0, 0, -16.74124, 0.46870327, -26.165369)
metadata/asset_placer_res_id = "uid://b87yymvcswqi4"

[node name="AnotherCube (3)" type="Node3D" parent="." instance=ExtResource("7_s1s6j")]
transform = Transform3D(1, 0, 0, 0, 1, 0, 0, 0, 1, -8.891354, 0.96870327, -29.200785)
metadata/asset_placer_res_id = "uid://ukx3omtlce8n"

[node name="AnotherCube (4)" type="Node3D" parent="." instance=ExtResource("7_s1s6j")]
transform = Transform3D(0, 0, 0, 0, 1, 0, 0, 0, 0, -13.127142, 0.96870327, -26.341463)
metadata/asset_placer_res_id = "uid://ukx3omtlce8n"

[node name="thin_wall_fractured" type="Node3D" parent="." instance=ExtResource("14_svvho")]
transform = Transform3D(-0.029199515, 0, 0.99957365, 0, 1, 0, -0.99957365, 0, -0.029199515, 13.099661, 0.50827706, 19.761568)
metadata/asset_placer_res_id = "uid://cqa7ue7ivlklj"

[node name="thin_wall_fractured (1)" type="Node3D" parent="." instance=ExtResource("14_svvho")]
transform = Transform3D(0.92106104, 0, 0.38941824, 0, 1, 0, -0.38941824, 0, 0.92106104, 14.951845, 0.50827754, 18.025919)
metadata/asset_placer_res_id = "uid://cqa7ue7ivlklj"

[node name="thin_wall_fractured (2)" type="Node3D" parent="." instance=ExtResource("14_svvho")]
transform = Transform3D(-0.73739374, 0, 0.67546326, 0, 1, 0, -0.67546326, 0, -0.73739374, 12.749058, 0.508278, 17.847893)
metadata/asset_placer_res_id = "uid://cqa7ue7ivlklj"

[node name="thin_wall_fractured (3)" type="Node3D" parent="." instance=ExtResource("14_svvho")]
transform = Transform3D(0.8289645, 0.5593013, 0, -0.5593013, 0.8289645, 0, 0, 0, 1, 4.570003, 1.6176162, -19.404785)
metadata/asset_placer_res_id = "uid://cqa7ue7ivlklj"

[node name="thin_wall_fractured (4)" type="Node3D" parent="." instance=ExtResource("14_svvho")]
transform = Transform3D(0, 0, 0, 0, 1, 0, 0, 0, 0, -2.5714655, 0.50827754, -16.11248)
metadata/asset_placer_res_id = "uid://cqa7ue7ivlklj"

[node name="thin_wall_fractured (5)" type="Node3D" parent="." instance=ExtResource("14_svvho")]
transform = Transform3D(0, -0.5593013, 0.8289645, 0, 0.8289645, 0.5593013, -1, 0, 0, 3.1643558, 2.5992424, -18.774788)
metadata/asset_placer_res_id = "uid://cqa7ue7ivlklj"

[node name="AnotherCube (5)" type="Node3D" parent="." instance=ExtResource("7_s1s6j")]
transform = Transform3D(0.9049796, 0, 0.425455, 0, 1, 0, -0.425455, 0, 0.9049796, -3.4621782, 0.96870327, -16.934608)
metadata/asset_placer_res_id = "uid://ukx3omtlce8n"

[node name="AnotherCube (6)" type="Node3D" parent="." instance=ExtResource("7_s1s6j")]
transform = Transform3D(-0.40894017, -0.5593013, 0.72107565, -0.27591142, 0.8289645, 0.48650888, -0.8698511, 0, -0.49331447, 3.0705621, 2.2511759, -16.640741)
metadata/asset_placer_res_id = "uid://ukx3omtlce8n"

[node name="AnotherCube (7)" type="Node3D" parent="." instance=ExtResource("7_s1s6j")]
transform = Transform3D(-0.9049796, 0, -0.425455, 0, 1, 0, 0.425455, 0, -0.9049796, -1.115444, 0.96870327, -15.070532)
metadata/asset_placer_res_id = "uid://ukx3omtlce8n"

[node name="AnotherCube (8)" type="Node3D" parent="." instance=ExtResource("7_s1s6j")]
transform = Transform3D(-0.90929735, 0, -0.41614705, 0, 1, 0, 0.41614705, 0, -0.90929735, 7.5593576, 0.96870327, -14.97462)
metadata/asset_placer_res_id = "uid://ukx3omtlce8n"

[node name="AnotherCube (9)" type="Node3D" parent="." instance=ExtResource("7_s1s6j")]
transform = Transform3D(-0.33498788, 0, -0.9422225, 0, 1, 0, 0.9422225, 0, -0.33498788, 4.991247, 0.96870327, -14.540715)
metadata/asset_placer_res_id = "uid://ukx3omtlce8n"

[node name="AnotherCube (10)" type="Node3D" parent="." instance=ExtResource("7_s1s6j")]
transform = Transform3D(-0.90929735, 0, -0.41614708, 0, 1, 0, 0.41614708, 0, -0.90929735, -9.835805, 0.96870303, -7.979861)
metadata/asset_placer_res_id = "uid://ukx3omtlce8n"

[node name="AnotherCube (11)" type="Node3D" parent="." instance=ExtResource("7_s1s6j")]
transform = Transform3D(-0.41614705, 0, 0.90929735, 0, 1, 0, -0.90929735, 0, -0.41614705, -9.954123, 1.968703, -8.062631)
metadata/asset_placer_res_id = "uid://ukx3omtlce8n"

[node name="AnotherCube (12)" type="Node3D" parent="." instance=ExtResource("7_s1s6j")]
transform = Transform3D(-0.8967584, 0, -0.4425208, 0, 1, 0, 0.4425208, 0, -0.8967584, -8.421181, 0.9687028, -7.3323903)
metadata/asset_placer_res_id = "uid://ukx3omtlce8n"

[node name="AnotherCube (13)" type="Node3D" parent="." instance=ExtResource("7_s1s6j")]
transform = Transform3D(-0.44252074, 0, 0.8967583, 0, 1, 0, -0.8967583, 0, -0.44252074, -8.409558, 1.9687028, -7.311403)
metadata/asset_placer_res_id = "uid://ukx3omtlce8n"

[node name="AnotherCube (14)" type="Node3D" parent="." instance=ExtResource("7_s1s6j")]
transform = Transform3D(-0.89675826, 0, -0.44252074, 0, 1, 0, 0.44252074, 0, -0.89675826, -8.691473, 2.9687028, -7.486782)
metadata/asset_placer_res_id = "uid://ukx3omtlce8n"

[node name="AnotherCube (15)" type="Node3D" parent="." instance=ExtResource("7_s1s6j")]
transform = Transform3D(-0.8967583, 0, -0.4425208, 0, 1, 0, 0.4425208, 0, -0.8967583, -9.696099, 2.968703, -7.965182)
metadata/asset_placer_res_id = "uid://ukx3omtlce8n"

[node name="AnotherCube (16)" type="Node3D" parent="." instance=ExtResource("7_s1s6j")]
transform = Transform3D(-0.41614705, 0, 0.90929735, 0, 1, 0, -0.90929735, 0, -0.41614705, -9.561052, 0.96870303, -6.6706166)
metadata/asset_placer_res_id = "uid://ukx3omtlce8n"

[node name="AnotherCube (17)" type="Node3D" parent="." instance=ExtResource("7_s1s6j")]
transform = Transform3D(-0.90929735, 0, -0.41614708, 0, 1, 0, 0.41614708, 0, -0.90929735, -9.648905, 1.968703, -6.6233606)
metadata/asset_placer_res_id = "uid://ukx3omtlce8n"

[node name="AnotherCube (18)" type="Node3D" parent="." instance=ExtResource("7_s1s6j")]
transform = Transform3D(0.44252068, 0, -0.8967583, 0, 1, 0, 0.8967583, 0, 0.44252068, -11.1451025, 2.5687027, -7.6107683)
metadata/asset_placer_res_id = "uid://ukx3omtlce8n"

[node name="AnotherCube (19)" type="Node3D" parent="." instance=ExtResource("7_s1s6j")]
transform = Transform3D(0.44252068, 0, -0.8967583, 0, 1, 0, 0.8967583, 0, 0.44252068, -11.1451025, 1.568703, -7.6107683)
metadata/asset_placer_res_id = "uid://ukx3omtlce8n"

[node name="thin_wall_fractured (6)" type="Node3D" parent="." instance=ExtResource("14_svvho")]
transform = Transform3D(1, 0, 0, 0, 1, 0, 0, 0, 1, -8.612105, 0.039574265, -12.730461)
metadata/asset_placer_res_id = "uid://cqa7ue7ivlklj"

[node name="thin_wall_fractured (7)" type="Node3D" parent="." instance=ExtResource("14_svvho")]
transform = Transform3D(0.6967067, 0, -0.7173562, 0, 1, 0, 0.7173562, 0, 0.6967067, -6.8432264, 0.039574265, -12.586935)
metadata/asset_placer_res_id = "uid://cqa7ue7ivlklj"

[node name="thin_wall_fractured (8)" type="Node3D" parent="." instance=ExtResource("14_svvho")]
transform = Transform3D(0.36235768, 0, 0.93203914, 0, 1, 0, -0.93203914, 0, 0.36235768, -6.7323465, 0.039574265, -14.289637)
metadata/asset_placer_res_id = "uid://cqa7ue7ivlklj"

[node name="@Node3D@47737" type="Node3D" parent="." instance=ExtResource("16_d1m6b")]
transform = Transform3D(-6.22249e-09, -0.5593013, 0.8289645, -4.1983066e-09, 0.8289645, 0.5593013, -1, 0, -7.506341e-09, 2.270525, 0.9156997, -17.974752)
metadata/asset_placer_res_id = "uid://carqrst2o7odc"

[node name="pillar (2) (1)" type="Node3D" parent="." instance=ExtResource("16_d1m6b")]
transform = Transform3D(0, 0.5593013, 0.8289645, 0, 0.8289645, -0.5593013, -1, 0, 0, 5.658735, 0.5356853, -19.143679)
metadata/asset_placer_res_id = "uid://carqrst2o7odc"

[node name="pillar (2) (2)" type="Node3D" parent="." instance=ExtResource("16_d1m6b")]
transform = Transform3D(-2.2351742e-08, 0.40894014, 0.91256124, 0.95319754, 0.27591142, -0.12364236, -0.30234838, 0.8698511, -0.38980073, 3.4314566, 2.566885, -16.335737)
metadata/asset_placer_res_id = "uid://carqrst2o7odc"

[node name="pillar (2) (3)" type="Node3D" parent="." instance=ExtResource("16_d1m6b")]
transform = Transform3D(0, 0, 1, 0, 1, 0, -1, 0, 0, 1.5468359, 0.46870327, -14.039221)
metadata/asset_placer_res_id = "uid://carqrst2o7odc"

[node name="pillar (2) (4)" type="Node3D" parent="." instance=ExtResource("16_d1m6b")]
transform = Transform3D(0, 0, 1, 0, 1, 0, -1, 0, 0, 3.7822185, 0.46870327, -13.719931)
metadata/asset_placer_res_id = "uid://carqrst2o7odc"

[node name="pillar (2) (5)" type="Node3D" parent="." instance=ExtResource("16_d1m6b")]
transform = Transform3D(-0.42585427, -0.389669, -0.8165821, -0.5484683, 0.8289645, -0.10954708, 0.71960473, 0.40121827, -0.56673914, 2.642074, 1.166384, -21.505518)
metadata/asset_placer_res_id = "uid://carqrst2o7odc"

[node name="pillar (2) (6)" type="Node3D" parent="." instance=ExtResource("16_d1m6b")]
transform = Transform3D(-0.7713631, 0.5593013, 0.30361342, 0.5204377, 0.8289645, -0.2048476, -0.3662563, 0, -0.9305141, 5.0780573, 0.92746794, -22.39133)
metadata/asset_placer_res_id = "uid://carqrst2o7odc"

[node name="pillar (2) (7)" type="Node3D" parent="." instance=ExtResource("16_d1m6b")]
transform = Transform3D(0.7804384, -0.5593013, -0.27946007, 0.52656084, 0.8289645, -0.18855137, 0.33711946, 1.0046943e-08, 0.9414619, 2.7747993, 1.255933, -22.501888)
metadata/asset_placer_res_id = "uid://carqrst2o7odc"

[node name="pillar (2) (8)" type="Node3D" parent="." instance=ExtResource("16_d1m6b")]
transform = Transform3D(0.8216151, 0.5593013, -0.11013965, -0.5543427, 0.8289645, 0.0743111, 0.13286415, -3.95966e-09, 0.9911343, 4.1586194, 1.5478113, -21.896984)
metadata/asset_placer_res_id = "uid://carqrst2o7odc"

[node name="AnotherCube (20)" type="Node3D" parent="." instance=ExtResource("7_s1s6j")]
transform = Transform3D(0.8289645, -0.5593013, 0, 0.5593013, 0.8289645, 0, 0, 0, 1, 2.4165354, 1.0142128, -19.745684)
metadata/asset_placer_res_id = "uid://ukx3omtlce8n"

[node name="AnotherCube (21)" type="Node3D" parent="." instance=ExtResource("7_s1s6j")]
transform = Transform3D(1, 0, 0, 0, 1, 0, 0, 0, 1, -0.22234774, 0.46870327, -21.033092)
metadata/asset_placer_res_id = "uid://ukx3omtlce8n"

[node name="AnotherCube (22)" type="Node3D" parent="." instance=ExtResource("7_s1s6j")]
transform = Transform3D(0.8289645, -0.5593013, 0, 0.5593013, 0.8289645, 0, 0, 0, 1, 2.1478052, 0.83290124, -21.179232)
metadata/asset_placer_res_id = "uid://ukx3omtlce8n"

[node name="AnotherCube (23)" type="Node3D" parent="." instance=ExtResource("7_s1s6j")]
transform = Transform3D(1, 0, 0, 0, 1, 0, 0, 0, 1, -0.8430095, 0.46870327, -19.059986)
metadata/asset_placer_res_id = "uid://ukx3omtlce8n"

[node name="AnotherCube (24)" type="Node3D" parent="." instance=ExtResource("7_s1s6j")]
transform = Transform3D(0.35199085, -0.5593013, 0.75052285, 0.2374878, 0.8289645, 0.5063769, -0.90537405, 0, 0.42461511, 1.9748669, 0.7162187, -22.399809)
metadata/asset_placer_res_id = "uid://ukx3omtlce8n"

[node name="AnotherCube (25)" type="Node3D" parent="." instance=ExtResource("7_s1s6j")]
transform = Transform3D(0, 0, 1, -1, 0, 0, 0, -1, 0, 3.769842, 1.1838796, -23.197292)
metadata/asset_placer_res_id = "uid://ukx3omtlce8n"

[node name="pillar_fractured" type="Node3D" parent="." instance=ExtResource("17_k1rqu")]
transform = Transform3D(1, 0, 0, 0, 1, 0, 0, 0, 1, 7.6072726, 0.46870327, -24.15038)
metadata/asset_placer_res_id = "uid://cd3ekr61iqju3"

[node name="thin_wall_fractured (9)" type="Node3D" parent="." instance=ExtResource("14_svvho")]
transform = Transform3D(1, 0, 0, 0, 1, 0, 0, 0, 1, 5.561407, 0.46870327, -24.896202)
metadata/asset_placer_res_id = "uid://cqa7ue7ivlklj"

[node name="thin_wall_fractured (10)" type="Node3D" parent="." instance=ExtResource("14_svvho")]
transform = Transform3D(0, 0, 1, 0, 1, 0, -1, 0, 0, 3.697495, 0.46870327, -27.602365)
metadata/asset_placer_res_id = "uid://cqa7ue7ivlklj"

[node name="thin_wall_fractured (11)" type="Node3D" parent="." instance=ExtResource("14_svvho")]
transform = Transform3D(0, 0, 1, 0, 1, 0, -1, 0, 0, 2.5957184, 0.46870375, -25.897253)
metadata/asset_placer_res_id = "uid://cqa7ue7ivlklj"

[node name="thin_wall_fractured (12)" type="Node3D" parent="." instance=ExtResource("14_svvho")]
transform = Transform3D(0, -0.5593013, 0.8289645, 0, 0.8289645, 0.5593013, -1, 0, 0, 2.1553564, 0.8379953, -17.239494)
metadata/asset_placer_res_id = "uid://cqa7ue7ivlklj"

[node name="thin_wall_fractured (13)" type="Node3D" parent="." instance=ExtResource("14_svvho")]
transform = Transform3D(0, -0.5593013, 0.8289645, 0, 0.8289645, 0.5593013, -1, 0, 0, 1.8789053, 0.65147376, -19.034946)
metadata/asset_placer_res_id = "uid://cqa7ue7ivlklj"

[node name="thin_wall_fractured (14)" type="Node3D" parent="." instance=ExtResource("14_svvho")]
transform = Transform3D(0, 0, 0, 0, 1, 0, 0, 0, 0, -4.7779164, 0.46870327, -21.695534)
metadata/asset_placer_res_id = "uid://cqa7ue7ivlklj"

[node name="thin_wall_fractured (15)" type="Node3D" parent="." instance=ExtResource("14_svvho")]
transform = Transform3D(1, 0, 0, 0, 1, 0, 0, 0, 1, -0.93643, 0.46870327, -23.96972)
metadata/asset_placer_res_id = "uid://cqa7ue7ivlklj"

[node name="pillar_fractured (1)" type="Node3D" parent="." instance=ExtResource("17_k1rqu")]
transform = Transform3D(-0.8289645, 0.5593013, 0, 0.5593013, 0.8289645, 0, 0, 0, -1, 4.1397653, 1.5605338, -20.043789)
metadata/asset_placer_res_id = "uid://cd3ekr61iqju3"

[node name="pillar_fractured (2)" type="Node3D" parent="." instance=ExtResource("17_k1rqu")]
transform = Transform3D(-0.8289645, -0.5593013, 0, -0.5593013, 0.8289645, 0, 0, 0, -1, 3.0821748, 1.4633219, -19.780537)
metadata/asset_placer_res_id = "uid://cd3ekr61iqju3"

[node name="pillar_fractured (3)" type="Node3D" parent="." instance=ExtResource("17_k1rqu")]
transform = Transform3D(-0.8289645, 0.5593013, 0, 0.5593013, 0.8289645, 0, 0, 0, -1, 3.9879758, 1.662945, -20.842419)
metadata/asset_placer_res_id = "uid://cd3ekr61iqju3"

[node name="pillar_fractured (4)" type="Node3D" parent="." instance=ExtResource("17_k1rqu")]
transform = Transform3D(-0.8289645, -0.5593013, 0, -0.5593013, 0.8289645, 0, 0, 0, -1, 3.1177962, 1.4873545, -20.65266)
metadata/asset_placer_res_id = "uid://cd3ekr61iqju3"

[node name="pillar_fractured (5)" type="Node3D" parent="." instance=ExtResource("17_k1rqu")]
transform = Transform3D(-0.425455, 0, 0.90497965, 0, 1, 0, -0.90497965, 0, -0.425455, -6.4630947, 0.46870232, -22.442537)
metadata/asset_placer_res_id = "uid://cd3ekr61iqju3"

[node name="pillar_fractured (6)" type="Node3D" parent="." instance=ExtResource("17_k1rqu")]
transform = Transform3D(-0.425455, 0, 0.90497965, 0, 1, 0, -0.90497965, 0, -0.425455, -5.2369366, 0.46870232, -23.640053)
metadata/asset_placer_res_id = "uid://cd3ekr61iqju3"

[node name="pillar_fractured (7)" type="Node3D" parent="." instance=ExtResource("17_k1rqu")]
transform = Transform3D(0, 0.8289645, -0.5593013, 0, 0.5593013, 0.8289645, 1, 0, 0, 2.5606744, 1.1149426, -21.464483)
metadata/asset_placer_res_id = "uid://cd3ekr61iqju3"

[node name="pillar_fractured (8)" type="Node3D" parent="." instance=ExtResource("17_k1rqu")]
transform = Transform3D(-0.8289645, -0.5593013, 0, -0.5593013, 0.8289645, 0, 0, 0, -1, 3.18473, 1.5325148, -21.410149)
metadata/asset_placer_res_id = "uid://cd3ekr61iqju3"

[node name="pillar_fractured (9)" type="Node3D" parent="." instance=ExtResource("17_k1rqu")]
transform = Transform3D(-0.8289645, 0.5593013, 0, 0.5593013, 0.8289645, 0, 0, 0, -1, 4.8261585, 1.0974238, -19.651129)
metadata/asset_placer_res_id = "uid://cd3ekr61iqju3"

[node name="pillar_fractured (10)" type="Node3D" parent="." instance=ExtResource("17_k1rqu")]
transform = Transform3D(-0.767252, 0.5593013, -0.3138574, 0.517664, 0.8289645, 0.21175921, 0.37861383, 0, -0.9255548, 5.0861263, 0.9220259, -17.339668)
metadata/asset_placer_res_id = "uid://cd3ekr61iqju3"

[node name="pillar_fractured (11)" type="Node3D" parent="." instance=ExtResource("17_k1rqu")]
transform = Transform3D(-0.767252, 0.5593013, -0.3138574, 0.517664, 0.8289645, 0.21175921, 0.37861383, 0, -0.9255548, 4.0975914, 1.5889876, -17.293089)
metadata/asset_placer_res_id = "uid://cd3ekr61iqju3"

[node name="pillar_fractured (12)" type="Node3D" parent="." instance=ExtResource("17_k1rqu")]
transform = Transform3D(-0.767252, 0.5593013, -0.3138574, 0.517664, 0.8289645, 0.21175921, 0.37861383, 0, -0.9255548, 4.9805775, 0.9932406, -18.137344)
metadata/asset_placer_res_id = "uid://cd3ekr61iqju3"

[node name="pillar_fractured (13)" type="Node3D" parent="." instance=ExtResource("17_k1rqu")]
transform = Transform3D(-0.767252, 0.5593013, -0.3138574, 0.517664, 0.8289645, 0.21175921, 0.37861383, 0, -0.9255548, 4.2279778, 1.501013, -18.09304)
metadata/asset_placer_res_id = "uid://cd3ekr61iqju3"

[node name="pillar_fractured (14)" type="Node3D" parent="." instance=ExtResource("17_k1rqu")]
transform = Transform3D(-0.767252, 0.5593013, -0.3138574, 0.517664, 0.8289645, 0.21175921, 0.37861383, 0, -0.9255548, 5.235668, 0.821131, -18.786978)
metadata/asset_placer_res_id = "uid://cd3ekr61iqju3"

[node name="pillar_fractured (15)" type="Node3D" parent="." instance=ExtResource("17_k1rqu")]
transform = Transform3D(-0.767252, 0.5593013, -0.3138574, 0.517664, 0.8289645, 0.21175921, 0.37861383, 0, -0.9255548, 4.3770866, 1.4004157, -18.8108)
metadata/asset_placer_res_id = "uid://cd3ekr61iqju3"

[node name="pillar_fractured (16)" type="Node3D" parent="." instance=ExtResource("17_k1rqu")]
transform = Transform3D(-0.9470317, 0, -0.32114026, 0, 1, 0, 0.32114026, 0, -0.9470317, 10.43244, 0.46870232, 0.7066479)
metadata/asset_placer_res_id = "uid://cd3ekr61iqju3"

[node name="pillar_fractured (17)" type="Node3D" parent="." instance=ExtResource("17_k1rqu")]
transform = Transform3D(-0.9470317, 0, -0.32114026, 0, 1, 0, 0.32114026, 0, -0.9470317, 10.057998, 0.46870232, -6.9896135)
metadata/asset_placer_res_id = "uid://cd3ekr61iqju3"

[node name="pillar_fractured (18)" type="Node3D" parent="." instance=ExtResource("17_k1rqu")]
transform = Transform3D(0.5279094, 0, -0.84930074, 0, 1, 0, 0.84930074, 0, 0.5279094, 6.7416735, 0.46870327, 4.374941)
metadata/asset_placer_res_id = "uid://cd3ekr61iqju3"

[node name="ForestRock32" type="Node3D" parent="." instance=ExtResource("11_1rqa4")]
transform = Transform3D(1, 0, 0, 0, 1, 0, 0, 0, 1, -29.371471, 0.46870232, -33.34841)
metadata/asset_placer_res_id = "uid://b1nm40p57ntoa"

[node name="JaggedRock32" type="Node3D" parent="." instance=ExtResource("15_x31ta")]
transform = Transform3D(1, 0, 0, 0, 1, 0, 0, 0, 1, -28.343779, 0, -29.848003)
metadata/asset_placer_res_id = "uid://dk831mrcik0rw"

[node name="JaggedRock42" type="Node3D" parent="." instance=ExtResource("10_ykvhj")]
transform = Transform3D(1, 0, 0, 0, 1, 0, 0, 0, 1, -34.377594, 2, -20.328882)
metadata/asset_placer_res_id = "uid://csh67skstdhqw"

[node name="JaggedRock42 (1)" type="Node3D" parent="." instance=ExtResource("10_ykvhj")]
transform = Transform3D(1, 0, 0, 0, 1, 0, 0, 0, 1, -33.49207, 2, -24.894503)
metadata/asset_placer_res_id = "uid://csh67skstdhqw"

[node name="ForestRock32 (1)" type="Node3D" parent="." instance=ExtResource("11_1rqa4")]
transform = Transform3D(1, 0, 0, 0, 0.7071068, -0.7071068, 0, 0.7071068, 0.7071068, 8.748896, 4.6763134, -4.676313)
metadata/asset_placer_res_id = "uid://b1nm40p57ntoa"

[node name="ForestRock32 (2)" type="Node3D" parent="." instance=ExtResource("11_1rqa4")]
transform = Transform3D(1, 0, 0, 0, 0.7071068, -0.7071068, 0, 0.7071068, 0.7071068, 8.898136, 6.3105316, -6.3105326)
metadata/asset_placer_res_id = "uid://b1nm40p57ntoa"

[node name="ForestRock32 (3)" type="Node3D" parent="." instance=ExtResource("11_1rqa4")]
transform = Transform3D(1, 0, 0, 0, 0.7071068, -0.7071068, 0, 0.7071068, 0.7071068, 8.701744, 7.713856, -7.713856)
metadata/asset_placer_res_id = "uid://b1nm40p57ntoa"

[node name="JaggedRock42 (2)" type="Node3D" parent="." instance=ExtResource("10_ykvhj")]
transform = Transform3D(0.8289645, -0.5593013, 0, 0.5593013, 0.8289645, 0, 0, 0, 1, 2.8647575, 1.3166316, -17.275173)
metadata/asset_placer_res_id = "uid://csh67skstdhqw"

[node name="JaggedRock42 (3)" type="Node3D" parent="." instance=ExtResource("10_ykvhj")]
transform = Transform3D(-1, 0, 0, 0, 0, 1, 0, 1, 0, 2.1235733, 0.7327759, -16.437294)
metadata/asset_placer_res_id = "uid://csh67skstdhqw"

[node name="JaggedRock42 (4)" type="Node3D" parent="." instance=ExtResource("10_ykvhj")]
transform = Transform3D(0, 0, 1, 0, 1, 0, -1, 0, 0, 1.5278454, 0.46870327, -17.04969)
metadata/asset_placer_res_id = "uid://csh67skstdhqw"

[node name="JaggedRock42 (5)" type="Node3D" parent="." instance=ExtResource("10_ykvhj")]
transform = Transform3D(0, -0.5593013, 0.8289645, 0, 0.8289645, 0.5593013, -1, 0, 0, 2.4810047, 1.0577128, -17.652735)
metadata/asset_placer_res_id = "uid://csh67skstdhqw"

[node name="JaggedRock42 (6)" type="Node3D" parent="." instance=ExtResource("10_ykvhj")]
transform = Transform3D(-0.425455, 0, 0.90497965, 0, 1, 0, -0.90497965, 0, -0.425455, -9.442003, 3.468703, -8.1459255)
metadata/asset_placer_res_id = "uid://csh67skstdhqw"

[node name="JaggedRock42 (7)" type="Node3D" parent="." instance=ExtResource("10_ykvhj")]
transform = Transform3D(-0.425455, 0, 0.90497965, 0, 1, 0, -0.90497965, 0, -0.425455, -8.492646, 3.4687028, -7.617119)
metadata/asset_placer_res_id = "uid://csh67skstdhqw"

[node name="JaggedRock42 (8)" type="Node3D" parent="." instance=ExtResource("10_ykvhj")]
transform = Transform3D(-0.425455, 0, 0.90497965, 0, 1, 0, -0.90497965, 0, -0.425455, -1.3422146, 0.46870327, -12.6924715)
metadata/asset_placer_res_id = "uid://csh67skstdhqw"

[node name="JaggedRock42 (9)" type="Node3D" parent="." instance=ExtResource("10_ykvhj")]
transform = Transform3D(0.7210756, -0.5593013, 0.4089402, 0.48650885, 0.8289645, 0.27591142, -0.4933145, 1.4701918e-08, 0.86985105, 3.0589428, 1.4476435, -17.629814)
metadata/asset_placer_res_id = "uid://csh67skstdhqw"

[node name="JaggedRock42 (10)" type="Node3D" parent="." instance=ExtResource("10_ykvhj")]
transform = Transform3D(-0.19850112, -0.20266716, 0.958918, 0.48650882, 0.8289645, 0.27591145, -0.85082704, 0.5212907, -0.065951124, 2.7148685, 1.2154992, -17.369131)
metadata/asset_placer_res_id = "uid://csh67skstdhqw"

[node name="JaggedRock42 (11)" type="Node3D" parent="." instance=ExtResource("10_ykvhj")]
transform = Transform3D(-0.057456844, -0.5593013, 0.8269709, -0.038766064, 0.8289645, 0.5579562, -0.9975951, 0, -0.0693116, 3.2947445, 1.6067393, -20.280323)
metadata/asset_placer_res_id = "uid://csh67skstdhqw"

[node name="JaggedRock42 (12)" type="Node3D" parent="." instance=ExtResource("10_ykvhj")]
transform = Transform3D(-0.057456844, -0.5593013, 0.8269709, -0.038766064, 0.8289645, 0.5579562, -0.9975951, 0, -0.0693116, 2.9578457, 1.3794377, -21.211405)
metadata/asset_placer_res_id = "uid://csh67skstdhqw"

[node name="JaggedRock42 (13)" type="Node3D" parent="." instance=ExtResource("10_ykvhj")]
transform = Transform3D(0, 0, -1, 0, 1, 0, 1, 0, 0, -0.74201584, 0.46870422, -20.216213)
metadata/asset_placer_res_id = "uid://csh67skstdhqw"

[node name="JaggedRock42 (14)" type="Node3D" parent="." instance=ExtResource("10_ykvhj")]
transform = Transform3D(0, 0, -1, 0, 1, 0, 1, 0, 0, -4.8518944, 0.46870327, -17.638004)
metadata/asset_placer_res_id = "uid://csh67skstdhqw"

[node name="JaggedRock42 (15)" type="Node3D" parent="." instance=ExtResource("10_ykvhj")]
transform = Transform3D(0, 0, -1, 0, 1, 0, 1, 0, 0, -6.8087225, 0.46870327, -14.948549)
metadata/asset_placer_res_id = "uid://csh67skstdhqw"

[node name="JaggedRock42 (16)" type="Node3D" parent="." instance=ExtResource("10_ykvhj")]
transform = Transform3D(0, 0, -1, 0, 1, 0, 1, 0, 0, -4.7195244, 0.46870327, -12.390131)
metadata/asset_placer_res_id = "uid://csh67skstdhqw"

[node name="JaggedRock42 (17)" type="Node3D" parent="." instance=ExtResource("10_ykvhj")]
transform = Transform3D(0, 0, -1, 0, 1, 0, 1, 0, 0, -2.8885612, 0.46870327, -13.312356)
metadata/asset_placer_res_id = "uid://csh67skstdhqw"

[node name="JaggedRock42 (18)" type="Node3D" parent="." instance=ExtResource("10_ykvhj")]
transform = Transform3D(0.84147114, 0, -0.5403024, 0, 1, 0, 0.5403024, 0, 0.84147114, -3.4532442, 0.46870327, -10.305414)
metadata/asset_placer_res_id = "uid://csh67skstdhqw"

[node name="JaggedRock42 (19)" type="Node3D" parent="." instance=ExtResource("10_ykvhj")]
transform = Transform3D(0.841471, 0, -0.54030234, 0, 1, 0, 0.54030234, 0, 0.841471, -7.830736, 0.46870327, -6.273355)
metadata/asset_placer_res_id = "uid://csh67skstdhqw"

[node name="JaggedRock42 (20)" type="Node3D" parent="." instance=ExtResource("10_ykvhj")]
transform = Transform3D(-0.9854498, 0, -0.16996706, 0, 1, 0, 0.16996706, 0, -0.9854498, -7.332036, 0.46870232, -2.6508296)
metadata/asset_placer_res_id = "uid://csh67skstdhqw"

[node name="JaggedRock42 (21)" type="Node3D" parent="." instance=ExtResource("10_ykvhj")]
transform = Transform3D(-0.9854498, 0, -0.16996706, 0, 1, 0, 0.16996706, 0, -0.9854498, -8.467288, 0.46870327, -1.2016256)
metadata/asset_placer_res_id = "uid://csh67skstdhqw"

[node name="JaggedRock42 (22)" type="Node3D" parent="." instance=ExtResource("10_ykvhj")]
transform = Transform3D(-0.19866928, 0, -0.9800666, 0, 1, 0, 0.9800666, 0, -0.19866928, -6.4341927, 0.46870422, -1.6705829)
metadata/asset_placer_res_id = "uid://csh67skstdhqw"

[node name="JaggedRock42 (23)" type="Node3D" parent="." instance=ExtResource("10_ykvhj")]
transform = Transform3D(-0.19866928, 0, -0.9800666, 0, 1, 0, 0.9800666, 0, -0.19866928, -7.3352623, 1.2687035, -0.6799512)
metadata/asset_placer_res_id = "uid://csh67skstdhqw"

[node name="JaggedRock42 (24)" type="Node3D" parent="." instance=ExtResource("10_ykvhj")]
transform = Transform3D(-0.19866928, 0, -0.9800666, 0, 1, 0, 0.9800666, 0, -0.19866928, -8.754953, 0.46870327, 0.24660112)
metadata/asset_placer_res_id = "uid://csh67skstdhqw"

[node name="JaggedRock42 (25)" type="Node3D" parent="." instance=ExtResource("10_ykvhj")]
transform = Transform3D(-0.19866928, 0, -0.9800666, 0, 1, 0, 0.9800666, 0, -0.19866928, -8.004154, 3.0687027, 0.07398653)
metadata/asset_placer_res_id = "uid://csh67skstdhqw"

[node name="JaggedRock42 (26)" type="Node3D" parent="." instance=ExtResource("10_ykvhj")]
transform = Transform3D(-0.19866928, 0, -0.9800666, 0, 1, 0, 0.9800666, 0, -0.19866928, 7.3994102, 0.46870327, -9.48681)
metadata/asset_placer_res_id = "uid://csh67skstdhqw"

[node name="JaggedRock42 (27)" type="Node3D" parent="." instance=ExtResource("10_ykvhj")]
transform = Transform3D(-0.19866928, 0, -0.9800666, 0, 1, 0, 0.9800666, 0, -0.19866928, 5.8580284, 0.46870327, -7.427537)
metadata/asset_placer_res_id = "uid://csh67skstdhqw"

[node name="JaggedRock42 (28)" type="Node3D" parent="." instance=ExtResource("10_ykvhj")]
transform = Transform3D(0.9092974, 0, 0.41614693, 0, 1, 0, -0.41614693, 0, 0.9092974, 4.97773, 0.46870327, -9.675734)
metadata/asset_placer_res_id = "uid://csh67skstdhqw"

[node name="@Node3D@96971" type="Node3D" parent="." instance=ExtResource("3_s1s6j")]
transform = Transform3D(-1, 0, 0, 0, 1, 0, 0, 0, -1, 15.7642765, 0.46870327, -7.490805)
metadata/asset_placer_res_id = "uid://b8p1iy52py3xm"

[node name="@Node3D@96972" type="Node3D" parent="." instance=ExtResource("3_s1s6j")]
transform = Transform3D(-1, 0, 0, 0, 1, 0, 0, 0, -1, 13.780425, 0.46870327, -4.2768607)
metadata/asset_placer_res_id = "uid://b8p1iy52py3xm"

[node name="ForestRock12 (5)" type="Node3D" parent="." instance=ExtResource("6_onu7k")]
transform = Transform3D(1, 0, 0, 0, 1, 0, 0, 0, 1, 16.534662, 0.46870327, -3.9864237)
metadata/asset_placer_res_id = "uid://gwihxo1nnefo"

[node name="ForestRock12 (6)" type="Node3D" parent="." instance=ExtResource("6_onu7k")]
transform = Transform3D(1, 0, 0, 0, 1, 0, 0, 0, 1, 14.893031, 0.46870327, -10.272097)
metadata/asset_placer_res_id = "uid://gwihxo1nnefo"

[node name="ForestRock12 (7)" type="Node3D" parent="." instance=ExtResource("6_onu7k")]
transform = Transform3D(0.36235768, 0, 0.93203914, 0, 1, 0, -0.93203914, 0, 0.36235768, 13.677474, 0.46870327, -7.7427316)
metadata/asset_placer_res_id = "uid://gwihxo1nnefo"

[node name="ForestRock12 (8)" type="Node3D" parent="." instance=ExtResource("6_onu7k")]
transform = Transform3D(0.36235768, 0, 0.93203914, 0, 1, 0, -0.93203914, 0, 0.36235768, 16.744312, 0.46870422, -1.3955507)
metadata/asset_placer_res_id = "uid://gwihxo1nnefo"

[node name="ForestRock12 (9)" type="Node3D" parent="." instance=ExtResource("6_onu7k")]
transform = Transform3D(-1, 0, 0, 0, 1, 0, 0, 0, -1, 17.540874, 0.46870327, -21.682428)
metadata/asset_placer_res_id = "uid://gwihxo1nnefo"

[node name="ForestRock12 (10)" type="Node3D" parent="." instance=ExtResource("6_onu7k")]
transform = Transform3D(-1, 0, 0, 0, 1, 0, 0, 0, -1, 12.85966, 0.46870327, -11.946426)
metadata/asset_placer_res_id = "uid://gwihxo1nnefo"

[node name="@Node3D@98930" type="Node3D" parent="." instance=ExtResource("3_s1s6j")]
transform = Transform3D(-1, 0, 0, 0, 1, 0, 0, 0, -1, 11.786828, 0.46870232, -9.104319)
metadata/asset_placer_res_id = "uid://b8p1iy52py3xm"

[node name="@Node3D@98931" type="Node3D" parent="." instance=ExtResource("3_s1s6j")]
transform = Transform3D(-1, 0, 0, 0, 1, 0, 0, 0, -1, 10.734895, 0.46870327, -12.762736)
metadata/asset_placer_res_id = "uid://b8p1iy52py3xm"

[node name="@Node3D@98932" type="Node3D" parent="." instance=ExtResource("3_s1s6j")]
transform = Transform3D(-0.5403024, 0, -0.84147096, 0, 1, 0, 0.84147096, 0, -0.5403024, 15.287075, 0.46870232, -1.071415)
metadata/asset_placer_res_id = "uid://b8p1iy52py3xm"

[node name="@Node3D@98933" type="Node3D" parent="." instance=ExtResource("3_s1s6j")]
transform = Transform3D(-0.5403024, 0, -0.84147096, 0, 1, 0, 0.84147096, 0, -0.5403024, 12.402311, 0.46870327, 3.336839)
metadata/asset_placer_res_id = "uid://b8p1iy52py3xm"

[node name="@Node3D@98934" type="Node3D" parent="." instance=ExtResource("3_s1s6j")]
transform = Transform3D(-0.5403024, 0, -0.84147096, 0, 1, 0, 0.84147096, 0, -0.5403024, 4.5783653, 0.46870327, -8.1357565)
metadata/asset_placer_res_id = "uid://b8p1iy52py3xm"

[node name="@Node3D@98935" type="Node3D" parent="." instance=ExtResource("3_s1s6j")]
transform = Transform3D(-0.5403024, 0, -0.84147096, 0, 1, 0, 0.84147096, 0, -0.5403024, -6.538048, 0.46870232, -2.0821743)
metadata/asset_placer_res_id = "uid://b8p1iy52py3xm"

[node name="@Node3D@98936" type="Node3D" parent="." instance=ExtResource("3_s1s6j")]
transform = Transform3D(-0.6827289, 0, -0.73067176, 0, 1, 0, 0.73067176, 0, -0.6827289, 5.812475, 0.46870327, -20.062475)
metadata/asset_placer_res_id = "uid://b8p1iy52py3xm"

[node name="@Node3D@98937" type="Node3D" parent="." instance=ExtResource("3_s1s6j")]
