[gd_scene format=3 uid="uid://sas7j2dyfkr3"]

[ext_resource type="PackedScene" uid="uid://dig47ichuqflf" path="res://demo/assets/ForestRockCluster1.glb" id="1_j5lb4"]
[ext_resource type="PackedScene" uid="uid://7u1qc3y84jbe" path="res://demo/assets/pillar.glb" id="2_u10mr"]
[ext_resource type="PackedScene" uid="uid://d1v6os586pjoe" path="res://demo/assets/LandscapeRock1.glb" id="5_u10mr"]
[ext_resource type="PackedScene" uid="uid://cffyfbbsr5wu0" path="res://demo/assets/ForestRock4jjk.glb" id="6_onu7k"]
[ext_resource type="PackedScene" uid="uid://dnjrvjljdl02" path="res://demo/assets/cube.tscn" id="11_1rqa4"]
[ext_resource type="PackedScene" uid="uid://bc33e25gdc71n" path="res://demo/assets/tree.glb" id="16_svvho"]

[sub_resource type="BoxShape3D" id="BoxShape3D_5hjng"]
size = Vector3(100, 0.1, 100)

[sub_resource type="StandardMaterial3D" id="StandardMaterial3D_ykvhj"]
albedo_color = Color(0.2849424, 0.47492367, 0.3119382, 1)

[sub_resource type="PlaneMesh" id="PlaneMesh_d6po2"]
material = SubResource("StandardMaterial3D_ykvhj")
size = Vector2(100, 100)

[node name="Demo" type="Node3D" unique_id=511489723]
transform = Transform3D(1, 0, 0, 0, 1, 0, 0, 0, 0.99999994, 0, 0, 0)

[node name="StaticBody3D" type="StaticBody3D" parent="." unique_id=1546947642]
transform = Transform3D(1, 0, 0, 0, 1, 0, 0, 0, 1, 0, 0.41870308, 0)

[node name="CollisionShape3D" type="CollisionShape3D" parent="StaticBody3D" unique_id=1461541137]
shape = SubResource("BoxShape3D_5hjng")

[node name="MeshInstance3D" type="MeshInstance3D" parent="StaticBody3D" unique_id=1833471952]
transform = Transform3D(1, 0, 0, 0, 1, 0, 0, 0, 1.0000471, 11.241689, 0.06353283, 5.9425006)
mesh = SubResource("PlaneMesh_d6po2")

[node name="ForestRockCluster12" parent="." unique_id=899912033 instance=ExtResource("1_j5lb4")]
transform = Transform3D(0.22880256, 0, 0.97347385, 0, 1, 0, -0.97347397, 0, 0.22880259, 23.16449, 0.4687028, 19.299274)
metadata/asset_placer_res_id = "uid://dig47ichuqflf"

[node name="ForestRockCluster12 (1)" parent="." unique_id=1520967276 instance=ExtResource("1_j5lb4")]
transform = Transform3D(-0.5479524, 0, -0.8365116, 0, 1, 0, 0.83651173, 0, -0.5479525, 26.566685, 0.46870303, 18.815418)
metadata/asset_placer_res_id = "uid://dig47ichuqflf"

[node name="ForestRockCluster12 (2)" parent="." unique_id=386312671 instance=ExtResource("1_j5lb4")]
transform = Transform3D(0.80102247, 0, 0.5986526, 0, 1, 0, -0.59865266, 0, 0.80102265, 28.097069, 1.1999998, 19.01943)
metadata/asset_placer_res_id = "uid://dig47ichuqflf"

[node name="pillar" parent="." unique_id=161559697 instance=ExtResource("2_u10mr")]
transform = Transform3D(1.7715611, 0, 0, 0, 1.7715611, 0, 0, 0, 1.7715614, 30.833698, 0.46870303, 16.044903)
metadata/asset_placer_res_id = "uid://7u1qc3y84jbe"

[node name="pillar (1)" parent="." unique_id=1606711111 instance=ExtResource("2_u10mr")]
transform = Transform3D(2.0181468, 0, 0, 0, 2.0181468, 0, 0, 0, 2.018147, 21.476671, 0.46870303, 18.535248)
metadata/asset_placer_res_id = "uid://7u1qc3y84jbe"

[node name="pillar (2)" parent="." unique_id=1976534116 instance=ExtResource("2_u10mr")]
transform = Transform3D(2.0181468, 0, 0, 0, 2.0181468, 0, 0, 0, 2.018147, 25.345049, 0.46870327, 16.39597)
metadata/asset_placer_res_id = "uid://7u1qc3y84jbe"

[node name="tree" parent="." unique_id=1944643847 instance=ExtResource("16_svvho")]
transform = Transform3D(0.6051728, 0, -0.72121686, 0, 0.9414801, 0, 0.7212169, 0, 0.6051729, 21.205498, 0.43992937, 21.063234)
metadata/asset_placer_res_id = "uid://bc33e25gdc71n"

[node name="tree (1)" parent="." unique_id=1471873621 instance=ExtResource("16_svvho")]
transform = Transform3D(0.32200664, 0, 0.88470864, 0, 0.9414801, 0, -0.8847088, 0, 0.32200667, 30.530365, 0.49517727, 19.88677)
metadata/asset_placer_res_id = "uid://bc33e25gdc71n"

[node name="Cube" parent="." unique_id=67698201 instance=ExtResource("11_1rqa4")]
transform = Transform3D(0.70850086, 0, -0.71948713, 0, 1.0097617, 0, 0.7194872, 0, 0.7085009, 25.495173, 1.0184133, 21.998808)
metadata/asset_placer_res_id = "uid://dnjrvjljdl02"

[node name="tree (2)" parent="." unique_id=999977124 instance=ExtResource("16_svvho")]
transform = Transform3D(0.39721137, 0, 0, 0, 0.39721137, 0, 0, 0, 0.39721638, 27.69323, 0.46870303, 21.723158)
metadata/asset_placer_res_id = "uid://bc33e25gdc71n"

[node name="tree (3)" parent="." unique_id=1778419959 instance=ExtResource("16_svvho")]
transform = Transform3D(-0.34651095, 0, 0.24068809, 0, 0.4219009, 0, -0.24068812, 0, -0.34651098, 23.6896, 0.46870327, 22.301523)
metadata/asset_placer_res_id = "uid://bc33e25gdc71n"

[node name="LandscapeRock12" parent="." unique_id=2047704729 instance=ExtResource("5_u10mr")]
transform = Transform3D(0.80050325, 0, 0.599339, 0, 1, 0, -0.59933907, 0, 0.80050343, 0.28851128, 0.46870327, 21.880491)
metadata/asset_placer_res_id = "uid://d1v6os586pjoe"

[node name="ForestRock4jjk" type="Node3D" parent="." unique_id=867622149 instance=ExtResource("6_onu7k")]
transform = Transform3D(0.95058763, 0, 0.3104563, 0, 1, 0, -0.31045634, 0, 0.95058775, 20.627518, 0.46870232, -13.132184)
metadata/asset_placer_res_id = "uid://cffyfbbsr5wu0"

[node name="ForestRock4jjk2" type="Node3D" parent="." unique_id=528130336 instance=ExtResource("6_onu7k")]
transform = Transform3D(0.025727004, 0, 0.99966896, 0, 1, 0, -0.9996691, 0, 0.025727008, 20.15369, 0.46870232, -11.048216)
metadata/asset_placer_res_id = "uid://cffyfbbsr5wu0"

[node name="ForestRock4jjk3" type="Node3D" parent="." unique_id=1366800960 instance=ExtResource("6_onu7k")]
transform = Transform3D(-0.6933335, 0, 0.7206168, 0, 1, 0, -0.7206169, 0, -0.69333357, 19.593285, 0.46870232, -8.749367)
metadata/asset_placer_res_id = "uid://cffyfbbsr5wu0"

[node name="ForestRock4jjk4" type="Node3D" parent="." unique_id=97393398 instance=ExtResource("6_onu7k")]
transform = Transform3D(-0.99846435, 0, -0.05539733, 0, 1, 0, 0.05539734, 0, -0.99846447, 19.13806, 0.46870232, -6.7457604)
metadata/asset_placer_res_id = "uid://cffyfbbsr5wu0"

[node name="ForestRock4jjk5" type="Node3D" parent="." unique_id=971614289 instance=ExtResource("6_onu7k")]
transform = Transform3D(-0.94218504, 0, -0.33509302, 0, 1, 0, 0.33509305, 0, -0.94218516, 18.753265, 0.46870232, -4.6482124)
metadata/asset_placer_res_id = "uid://cffyfbbsr5wu0"

[node name="ForestRock4jjk6" type="Node3D" parent="." unique_id=1308613727 instance=ExtResource("6_onu7k")]
transform = Transform3D(0.99855256, 0, -0.053785205, 0, 1, 0, 0.053785212, 0, 0.9985527, 18.476204, 0.46870232, -2.9684467)
metadata/asset_placer_res_id = "uid://cffyfbbsr5wu0"

[node name="ForestRock4jjk7" type="Node3D" parent="." unique_id=669203952 instance=ExtResource("6_onu7k")]
transform = Transform3D(0.7935646, 0, 0.608486, 0, 1, 0, -0.60848606, 0, 0.79356474, 18.185143, 0.46870232, -1.0947886)
metadata/asset_placer_res_id = "uid://cffyfbbsr5wu0"

[node name="ForestRock4jjk8" type="Node3D" parent="." unique_id=1436766224 instance=ExtResource("6_onu7k")]
transform = Transform3D(-0.2844285, 0, 0.95869726, 0, 1, 0, -0.9586974, 0, -0.28442854, 17.673424, 0.46870232, 0.9142228)
metadata/asset_placer_res_id = "uid://cffyfbbsr5wu0"

[node name="ForestRock4jjk (8)" type="Node3D" parent="." unique_id=1674058248 instance=ExtResource("6_onu7k")]
transform = Transform3D(-0.85888755, 0, -0.51216424, 0, 1, 0, 0.5121643, 0, -0.8588877, 15.172827, 0.46870232, 5.3017297)
metadata/asset_placer_res_id = "uid://cffyfbbsr5wu0"

[node name="ForestRock4jjk (8)2" type="Node3D" parent="." unique_id=584559906 instance=ExtResource("6_onu7k")]
transform = Transform3D(0.74763995, 0, -0.6641042, 0, 1, 0, 0.6641043, 0, 0.74764, 14.4368515, 0.46870232, 7.0590158)
metadata/asset_placer_res_id = "uid://cffyfbbsr5wu0"

[node name="ForestRock4jjk (8)3" type="Node3D" parent="." unique_id=625004441 instance=ExtResource("6_onu7k")]
transform = Transform3D(-0.10168454, 0, 0.99481666, 0, 1, 0, -0.9948168, 0, -0.101684555, 13.736652, 0.46870232, 8.655703)
metadata/asset_placer_res_id = "uid://cffyfbbsr5wu0"

[node name="ForestRock4jjk (8)4" type="Node3D" parent="." unique_id=1654806314 instance=ExtResource("6_onu7k")]
transform = Transform3D(-0.3252976, 0, 0.9456116, 0, 1, 0, -0.9456117, 0, -0.32529762, 13.167744, 0.46870232, 10.244712)
metadata/asset_placer_res_id = "uid://cffyfbbsr5wu0"

[node name="ForestRock4jjk (8)5" type="Node3D" parent="." unique_id=2032788420 instance=ExtResource("6_onu7k")]
transform = Transform3D(-0.9921578, 0, -0.12499067, 0, 1, 0, 0.12499069, 0, -0.99215794, 12.646831, 0.46870232, 12.745557)
metadata/asset_placer_res_id = "uid://cffyfbbsr5wu0"

[node name="ForestRock4jjk (8)6" type="Node3D" parent="." unique_id=1983578030 instance=ExtResource("6_onu7k")]
transform = Transform3D(0.03612598, 0, -0.99934715, 0, 1, 0, 0.99934727, 0, 0.036125984, 12.403975, 0.46870232, 14.479427)
metadata/asset_placer_res_id = "uid://cffyfbbsr5wu0"

[node name="ForestRock4jjk (8)7" type="Node3D" parent="." unique_id=1093859421 instance=ExtResource("6_onu7k")]
transform = Transform3D(0.44758633, 0, 0.8942406, 0, 1, 0, -0.89424074, 0, 0.4475864, 12.307518, 0.46870232, 16.380098)
metadata/asset_placer_res_id = "uid://cffyfbbsr5wu0"

[node name="ForestRock4jjk (8)8" type="Node3D" parent="." unique_id=1484773724 instance=ExtResource("6_onu7k")]
transform = Transform3D(0.2904557, 0, 0.9568883, 0, 1, 0, -0.95688844, 0, 0.29045573, 12.314933, 0.46870232, 18.325897)
metadata/asset_placer_res_id = "uid://cffyfbbsr5wu0"

[node name="ForestRock4jjk (8)9" type="Node3D" parent="." unique_id=1165286657 instance=ExtResource("6_onu7k")]
transform = Transform3D(0.101761624, 0, 0.9948087, 0, 1, 0, -0.9948088, 0, 0.10176164, 12.350053, 0.46870232, 20.63589)
metadata/asset_placer_res_id = "uid://cffyfbbsr5wu0"

[node name="ForestRock4jjk (8)10" type="Node3D" parent="." unique_id=961508075 instance=ExtResource("6_onu7k")]
transform = Transform3D(-0.8919277, 0, -0.45217767, 0, 1, 0, 0.45217773, 0, -0.89192784, 12.475282, 0.46870232, 22.549585)
metadata/asset_placer_res_id = "uid://cffyfbbsr5wu0"
