[gd_scene load_steps=8 format=3 uid="uid://sas7j2dyfkr3"]

[ext_resource type="PackedScene" uid="uid://gwihxo1nnefo" path="res://demo/assets/ForestRock1.glb" id="1_j5lb4"]
[ext_resource type="PackedScene" uid="uid://b1nm40p57ntoa" path="res://demo/assets/ForestRock3.glb" id="5_u10mr"]
[ext_resource type="PackedScene" uid="uid://dadopfh3udxxt" path="res://demo/assets/JaggedRock122.glb" id="12_k1rqu"]
[ext_resource type="PackedScene" uid="uid://dqpwyuw1xhymj" path="res://demo/assets/JaggedRock1.glb" id="17_8rfdr"]

[sub_resource type="BoxShape3D" id="BoxShape3D_5hjng"]
size = Vector3(100, 0.1, 100)

[sub_resource type="StandardMaterial3D" id="StandardMaterial3D_ykvhj"]
albedo_color = Color(0.2849424, 0.47492367, 0.3119382, 1)

[sub_resource type="PlaneMesh" id="PlaneMesh_d6po2"]
material = SubResource("StandardMaterial3D_ykvhj")
size = Vector2(100, 100)

[node name="Demo" type="Node3D"]
transform = Transform3D(1, 0, 0, 0, 1, 0, 0, 0, 0.99999994, 0, 0, 0)

[node name="StaticBody3D" type="StaticBody3D" parent="."]
transform = Transform3D(1, 0, 0, 0, 1, 0, 0, 0, 1, 0, 0.41870308, 0)

[node name="CollisionShape3D" type="CollisionShape3D" parent="StaticBody3D"]
shape = SubResource("BoxShape3D_5hjng")

[node name="MeshInstance3D" type="MeshInstance3D" parent="StaticBody3D"]
transform = Transform3D(1, 0, 0, 0, 1, 0, 0, 0, 1.0000471, 11.251199, -0.95000076, 5.9442296)
mesh = SubResource("PlaneMesh_d6po2")

[node name="ForestRock12" parent="StaticBody3D" instance=ExtResource("1_j5lb4")]
transform = Transform3D(0.30367795, 0, 0.95277476, 0, 1, 0, -0.9527749, 0, 0.30367798, -0.35504532, 0.049999237, 12.97535)
metadata/asset_placer_res_id = "uid://gwihxo1nnefo"

[node name="ForestRock12 (1)" parent="StaticBody3D" instance=ExtResource("1_j5lb4")]
transform = Transform3D(-0.5787171, 0, -0.8155284, 0, 1, 0, 0.8155285, 0, -0.5787172, 6.5212574, 0.05000019, 16.473345)
metadata/asset_placer_res_id = "uid://gwihxo1nnefo"

[node name="ForestRock12 (2)" parent="StaticBody3D" instance=ExtResource("1_j5lb4")]
transform = Transform3D(-0.017127633, 0, -0.9998533, 0, 1, 0, 0.99985343, 0, -0.017127635, 6.3182273, 0.05000019, 18.243994)
metadata/asset_placer_res_id = "uid://gwihxo1nnefo"

[node name="ForestRock12 (3)" parent="StaticBody3D" instance=ExtResource("1_j5lb4")]
transform = Transform3D(0.60475606, 0, 0.7964108, 0, 1, 0, -0.7964109, 0, 0.6047561, 6.520052, 0.05000019, 19.293917)
metadata/asset_placer_res_id = "uid://gwihxo1nnefo"

[node name="ForestRock12 (4)" parent="StaticBody3D" instance=ExtResource("1_j5lb4")]
transform = Transform3D(-0.87814593, 0, -0.47839287, 0, 1, 0, 0.47839293, 0, -0.87814605, 6.70955, 0.05000019, 20.409012)
metadata/asset_placer_res_id = "uid://gwihxo1nnefo"

[node name="ForestRock12 (5)" parent="StaticBody3D" instance=ExtResource("1_j5lb4")]
transform = Transform3D(0.9963184, 0, 0.0857304, 0, 1, 0, -0.08573041, 0, 0.9963185, 8.796303, 0.05000019, 16.330341)
metadata/asset_placer_res_id = "uid://gwihxo1nnefo"

[node name="JaggedRock12" parent="StaticBody3D" instance=ExtResource("12_k1rqu")]
transform = Transform3D(-0.21355842, 0, 0.9769303, 0, 1, 0, -0.97693044, 0, -0.21355845, 8.309156, 0.05000019, 19.429007)
metadata/asset_placer_res_id = "uid://dadopfh3udxxt"

[node name="ForestRock32" parent="StaticBody3D" instance=ExtResource("5_u10mr")]
transform = Transform3D(0.85501254, 0, 0.5186073, 0, 1, 0, -0.5186074, 0, 0.85501266, 6.6802993, 0.05000019, 22.401073)
metadata/asset_placer_res_id = "uid://b1nm40p57ntoa"

[node name="@Node3D@104379" parent="StaticBody3D" instance=ExtResource("17_8rfdr")]
transform = Transform3D(-0.75681114, 0, 0.65363365, 0, 1, 0, -0.6536337, 0, -0.75681126, 8.728121, 0.05000019, 21.1066)
metadata/asset_placer_res_id = "uid://dqpwyuw1xhymj"
