[gd_scene load_steps=7 format=3 uid="uid://sas7j2dyfkr3"]

[ext_resource type="PackedScene" uid="uid://b1nm40p57ntoa" path="res://demo/assets/ForestRock3.glb" id="1_dar0o"]
[ext_resource type="PackedScene" uid="uid://gwihxo1nnefo" path="res://demo/assets/ForestRock1.glb" id="2_j5lb4"]
[ext_resource type="PackedScene" uid="uid://bc33e25gdc71n" path="res://demo/assets/tree.glb" id="3_u10mr"]

[sub_resource type="BoxShape3D" id="BoxShape3D_5hjng"]
size = Vector3(100, 0.1, 100)

[sub_resource type="StandardMaterial3D" id="StandardMaterial3D_ykvhj"]
albedo_color = Color(0.2849424, 0.47492367, 0.3119382, 1)

[sub_resource type="PlaneMesh" id="PlaneMesh_d6po2"]
material = SubResource("StandardMaterial3D_ykvhj")
size = Vector2(100, 100)

[node name="Demo" type="Node3D"]
transform = Transform3D(1, 0, 0, 0, 1, 0, 0, 0, 0.99999994, 0, 0, 0)

[node name="StaticBody3D" type="StaticBody3D" parent="."]
transform = Transform3D(1, 0, 0, 0, 1, 0, 0, 0, 1, 0, 0.41870308, 0)

[node name="CollisionShape3D" type="CollisionShape3D" parent="StaticBody3D"]
shape = SubResource("BoxShape3D_5hjng")

[node name="MeshInstance3D" type="MeshInstance3D" parent="StaticBody3D"]
transform = Transform3D(1, 0, 0, 0, 1, 0, 0, 0, 1.0000471, 11.251199, 0.049999237, 5.9442296)
mesh = SubResource("PlaneMesh_d6po2")

[node name="ForestRock32" type="Node3D" parent="." instance=ExtResource("1_dar0o")]
transform = Transform3D(-0.98979485, 0, 0.14249948, 0, 1, 0, -0.14249949, 0, -0.98979497, 22.618565, 0.46870327, 0.39430812)
metadata/asset_placer_res_id = "uid://b1nm40p57ntoa"

[node name="ForestRock32 (1)" type="Node3D" parent="." instance=ExtResource("1_dar0o")]
transform = Transform3D(0.35731432, 0, -0.93398416, 0, 1, 0, 0.9339843, 0, 0.35731435, 22.121723, 0.46870422, 4.954986)
metadata/asset_placer_res_id = "uid://b1nm40p57ntoa"

[node name="Rocks" type="Node3D" parent="."]

[node name="ForestRock12" type="Node3D" parent="Rocks" instance=ExtResource("2_j5lb4")]
transform = Transform3D(-0.8034131, 0, 0.595422, 0, 1, 0, -0.5954221, 0, -0.8034132, 16.862957, 0.46870327, 1.1739473)
metadata/asset_placer_res_id = "uid://gwihxo1nnefo"

[node name="ForestRock12 (1)" type="Node3D" parent="Rocks" instance=ExtResource("2_j5lb4")]
transform = Transform3D(0.7661835, 0, -0.64262193, 0, 1, 0, 0.642622, 0, 0.7661836, 18.015705, 0.46870232, 3.9742296)
metadata/asset_placer_res_id = "uid://gwihxo1nnefo"

[node name="ForestRock12 (2)" type="Node3D" parent="Rocks" instance=ExtResource("2_j5lb4")]
transform = Transform3D(-0.5459574, 0, 0.83781296, 0, 1, 0, -0.8378131, 0, -0.54595745, 17.8321, 0.46870327, 10.635456)
metadata/asset_placer_res_id = "uid://gwihxo1nnefo"

[node name="ForestRock12 (3)" type="Node3D" parent="Rocks" instance=ExtResource("2_j5lb4")]
transform = Transform3D(0.3401562, 0, -0.94036895, 0, 1, 0, 0.94036907, 0, 0.34015623, 25.450296, 0.46870327, 1.1410103)
metadata/asset_placer_res_id = "uid://gwihxo1nnefo"

[node name="ForestRock12 (4)" type="Node3D" parent="Rocks" instance=ExtResource("2_j5lb4")]
transform = Transform3D(0.48117208, 0, 0.87662613, 0, 1, 0, -0.87662625, 0, 0.48117214, 20.456043, 0.46870327, -4.8109903)
metadata/asset_placer_res_id = "uid://gwihxo1nnefo"

[node name="Trees" type="Node3D" parent="."]

[node name="tree" type="Node3D" parent="Trees" instance=ExtResource("3_u10mr")]
transform = Transform3D(-0.33977798, 0, 0.9405057, 0, 1, 0, -0.9405058, 0, -0.339778, 20.242352, 0.46870327, -2.036767)
metadata/asset_placer_res_id = "res://demo/assets//tree.glb"

[node name="tree (1)" type="Node3D" parent="Trees" instance=ExtResource("3_u10mr")]
transform = Transform3D(-0.5193458, 0, 0.8545642, 0, 1, 0, -0.8545643, 0, -0.5193459, 20.733654, 0.46870232, 9.696828)
metadata/asset_placer_res_id = "res://demo/assets//tree.glb"

[node name="tree (2)" type="Node3D" parent="Trees" instance=ExtResource("3_u10mr")]
transform = Transform3D(-0.5290779, 0, -0.84857327, 0, 1, 0, 0.8485734, 0, -0.52907795, 18.342031, 0.46870327, 7.001659)
metadata/asset_placer_res_id = "res://demo/assets//tree.glb"

[node name="tree (3)" type="Node3D" parent="Trees" instance=ExtResource("3_u10mr")]
transform = Transform3D(0.9292293, 0, -0.3695036, 0, 1, 0, 0.36950362, 0, 0.92922944, 24.80343, 0.46870327, 1.1687374)
metadata/asset_placer_res_id = "res://demo/assets//tree.glb"

[node name="tree (4)" type="Node3D" parent="Trees" instance=ExtResource("3_u10mr")]
transform = Transform3D(0.33482394, 0, 0.9422807, 0, 1, 0, -0.9422808, 0, 0.33482397, 27.836185, 0.46870327, -5.7079544)
metadata/asset_placer_res_id = "res://demo/assets//tree.glb"

[node name="tree (5)" type="Node3D" parent="Trees" instance=ExtResource("3_u10mr")]
transform = Transform3D(-0.87402284, 0, -0.48588488, 0, 1, 0, 0.48588493, 0, -0.87402296, 20.93851, 0.46870327, -9.210765)
metadata/asset_placer_res_id = "res://demo/assets//tree.glb"

[node name="tree (6)" type="Node3D" parent="Trees" instance=ExtResource("3_u10mr")]
transform = Transform3D(-0.86466247, 0, -0.50235337, 0, 1, 0, 0.5023534, 0, -0.8646626, 16.540152, 0.46870327, -1.4519892)
metadata/asset_placer_res_id = "res://demo/assets//tree.glb"
